2450
1.14 0.1
1.1604 0.1
1.1808 0.1
1.2012 0.1
1.2216 0.1
1.242 0.1
1.2624 0.1
1.2828 0.1
1.3032 0.1
1.3236 0.1
1.344 0.1
1.3644 0.1
1.3848 0.1
1.4052 0.1
1.4256 0.1
1.446 0.1
1.4664 0.1
1.4868 0.1
1.5072 0.1
1.5276 0.1
1.548 0.1
1.5684 0.1
1.5888 0.1
1.6092 0.1
1.6296 0.1
1.65 0.1
1.6704 0.1
1.6908 0.1
1.7112 0.1
1.7316 0.1
1.752 0.1
1.7724 0.1
1.7928 0.1
1.8132 0.1
1.8336 0.1
1.14 0.116
1.1604 0.116
1.1808 0.116
1.2012 0.116
1.2216 0.116
1.242 0.116
1.2624 0.116
1.2828 0.116
1.3032 0.116
1.3236 0.116
1.344 0.116
1.3644 0.116
1.3848 0.116
1.4052 0.116
1.4256 0.116
1.446 0.116
1.4664 0.116
1.4868 0.116
1.5072 0.116
1.5276 0.116
1.548 0.116
1.5684 0.116
1.5888 0.116
1.6092 0.116
1.6296 0.116
1.65 0.116
1.6704 0.116
1.6908 0.116
1.7112 0.116
1.7316 0.116
1.752 0.116
1.7724 0.116
1.7928 0.116
1.8132 0.116
1.8336 0.116
1.14 0.132
1.1604 0.132
1.1808 0.132
1.2012 0.132
1.2216 0.132
1.242 0.132
1.2624 0.132
1.2828 0.132
1.3032 0.132
1.3236 0.132
1.344 0.132
1.3644 0.132
1.3848 0.132
1.4052 0.132
1.4256 0.132
1.446 0.132
1.4664 0.132
1.4868 0.132
1.5072 0.132
1.5276 0.132
1.548 0.132
1.5684 0.132
1.5888 0.132
1.6092 0.132
1.6296 0.132
1.65 0.132
1.6704 0.132
1.6908 0.132
1.7112 0.132
1.7316 0.132
1.752 0.132
1.7724 0.132
1.7928 0.132
1.8132 0.132
1.8336 0.132
1.14 0.148
1.1604 0.148
1.1808 0.148
1.2012 0.148
1.2216 0.148
1.242 0.148
1.2624 0.148
1.2828 0.148
1.3032 0.148
1.3236 0.148
1.344 0.148
1.3644 0.148
1.3848 0.148
1.4052 0.148
1.4256 0.148
1.446 0.148
1.4664 0.148
1.4868 0.148
1.5072 0.148
1.5276 0.148
1.548 0.148
1.5684 0.148
1.5888 0.148
1.6092 0.148
1.6296 0.148
1.65 0.148
1.6704 0.148
1.6908 0.148
1.7112 0.148
1.7316 0.148
1.752 0.148
1.7724 0.148
1.7928 0.148
1.8132 0.148
1.8336 0.148
1.14 0.164
1.1604 0.164
1.1808 0.164
1.2012 0.164
1.2216 0.164
1.242 0.164
1.2624 0.164
1.2828 0.164
1.3032 0.164
1.3236 0.164
1.344 0.164
1.3644 0.164
1.3848 0.164
1.4052 0.164
1.4256 0.164
1.446 0.164
1.4664 0.164
1.4868 0.164
1.5072 0.164
1.5276 0.164
1.548 0.164
1.5684 0.164
1.5888 0.164
1.6092 0.164
1.6296 0.164
1.65 0.164
1.6704 0.164
1.6908 0.164
1.7112 0.164
1.7316 0.164
1.752 0.164
1.7724 0.164
1.7928 0.164
1.8132 0.164
1.8336 0.164
1.14 0.18
1.1604 0.18
1.1808 0.18
1.2012 0.18
1.2216 0.18
1.242 0.18
1.2624 0.18
1.2828 0.18
1.3032 0.18
1.3236 0.18
1.344 0.18
1.3644 0.18
1.3848 0.18
1.4052 0.18
1.4256 0.18
1.446 0.18
1.4664 0.18
1.4868 0.18
1.5072 0.18
1.5276 0.18
1.548 0.18
1.5684 0.18
1.5888 0.18
1.6092 0.18
1.6296 0.18
1.65 0.18
1.6704 0.18
1.6908 0.18
1.7112 0.18
1.7316 0.18
1.752 0.18
1.7724 0.18
1.7928 0.18
1.8132 0.18
1.8336 0.18
1.14 0.196
1.1604 0.196
1.1808 0.196
1.2012 0.196
1.2216 0.196
1.242 0.196
1.2624 0.196
1.2828 0.196
1.3032 0.196
1.3236 0.196
1.344 0.196
1.3644 0.196
1.3848 0.196
1.4052 0.196
1.4256 0.196
1.446 0.196
1.4664 0.196
1.4868 0.196
1.5072 0.196
1.5276 0.196
1.548 0.196
1.5684 0.196
1.5888 0.196
1.6092 0.196
1.6296 0.196
1.65 0.196
1.6704 0.196
1.6908 0.196
1.7112 0.196
1.7316 0.196
1.752 0.196
1.7724 0.196
1.7928 0.196
1.8132 0.196
1.8336 0.196
1.14 0.212
1.1604 0.212
1.1808 0.212
1.2012 0.212
1.2216 0.212
1.242 0.212
1.2624 0.212
1.2828 0.212
1.3032 0.212
1.3236 0.212
1.344 0.212
1.3644 0.212
1.3848 0.212
1.4052 0.212
1.4256 0.212
1.446 0.212
1.4664 0.212
1.4868 0.212
1.5072 0.212
1.5276 0.212
1.548 0.212
1.5684 0.212
1.5888 0.212
1.6092 0.212
1.6296 0.212
1.65 0.212
1.6704 0.212
1.6908 0.212
1.7112 0.212
1.7316 0.212
1.752 0.212
1.7724 0.212
1.7928 0.212
1.8132 0.212
1.8336 0.212
1.14 0.228
1.1604 0.228
1.1808 0.228
1.2012 0.228
1.2216 0.228
1.242 0.228
1.2624 0.228
1.2828 0.228
1.3032 0.228
1.3236 0.228
1.344 0.228
1.3644 0.228
1.3848 0.228
1.4052 0.228
1.4256 0.228
1.446 0.228
1.4664 0.228
1.4868 0.228
1.5072 0.228
1.5276 0.228
1.548 0.228
1.5684 0.228
1.5888 0.228
1.6092 0.228
1.6296 0.228
1.65 0.228
1.6704 0.228
1.6908 0.228
1.7112 0.228
1.7316 0.228
1.752 0.228
1.7724 0.228
1.7928 0.228
1.8132 0.228
1.8336 0.228
1.14 0.244
1.1604 0.244
1.1808 0.244
1.2012 0.244
1.2216 0.244
1.242 0.244
1.2624 0.244
1.2828 0.244
1.3032 0.244
1.3236 0.244
1.344 0.244
1.3644 0.244
1.3848 0.244
1.4052 0.244
1.4256 0.244
1.446 0.244
1.4664 0.244
1.4868 0.244
1.5072 0.244
1.5276 0.244
1.548 0.244
1.5684 0.244
1.5888 0.244
1.6092 0.244
1.6296 0.244
1.65 0.244
1.6704 0.244
1.6908 0.244
1.7112 0.244
1.7316 0.244
1.752 0.244
1.7724 0.244
1.7928 0.244
1.8132 0.244
1.8336 0.244
1.14 0.26
1.1604 0.26
1.1808 0.26
1.2012 0.26
1.2216 0.26
1.242 0.26
1.2624 0.26
1.2828 0.26
1.3032 0.26
1.3236 0.26
1.344 0.26
1.3644 0.26
1.3848 0.26
1.4052 0.26
1.4256 0.26
1.446 0.26
1.4664 0.26
1.4868 0.26
1.5072 0.26
1.5276 0.26
1.548 0.26
1.5684 0.26
1.5888 0.26
1.6092 0.26
1.6296 0.26
1.65 0.26
1.6704 0.26
1.6908 0.26
1.7112 0.26
1.7316 0.26
1.752 0.26
1.7724 0.26
1.7928 0.26
1.8132 0.26
1.8336 0.26
1.14 0.276
1.1604 0.276
1.1808 0.276
1.2012 0.276
1.2216 0.276
1.242 0.276
1.2624 0.276
1.2828 0.276
1.3032 0.276
1.3236 0.276
1.344 0.276
1.3644 0.276
1.3848 0.276
1.4052 0.276
1.4256 0.276
1.446 0.276
1.4664 0.276
1.4868 0.276
1.5072 0.276
1.5276 0.276
1.548 0.276
1.5684 0.276
1.5888 0.276
1.6092 0.276
1.6296 0.276
1.65 0.276
1.6704 0.276
1.6908 0.276
1.7112 0.276
1.7316 0.276
1.752 0.276
1.7724 0.276
1.7928 0.276
1.8132 0.276
1.8336 0.276
1.14 0.292
1.1604 0.292
1.1808 0.292
1.2012 0.292
1.2216 0.292
1.242 0.292
1.2624 0.292
1.2828 0.292
1.3032 0.292
1.3236 0.292
1.344 0.292
1.3644 0.292
1.3848 0.292
1.4052 0.292
1.4256 0.292
1.446 0.292
1.4664 0.292
1.4868 0.292
1.5072 0.292
1.5276 0.292
1.548 0.292
1.5684 0.292
1.5888 0.292
1.6092 0.292
1.6296 0.292
1.65 0.292
1.6704 0.292
1.6908 0.292
1.7112 0.292
1.7316 0.292
1.752 0.292
1.7724 0.292
1.7928 0.292
1.8132 0.292
1.8336 0.292
1.14 0.308
1.1604 0.308
1.1808 0.308
1.2012 0.308
1.2216 0.308
1.242 0.308
1.2624 0.308
1.2828 0.308
1.3032 0.308
1.3236 0.308
1.344 0.308
1.3644 0.308
1.3848 0.308
1.4052 0.308
1.4256 0.308
1.446 0.308
1.4664 0.308
1.4868 0.308
1.5072 0.308
1.5276 0.308
1.548 0.308
1.5684 0.308
1.5888 0.308
1.6092 0.308
1.6296 0.308
1.65 0.308
1.6704 0.308
1.6908 0.308
1.7112 0.308
1.7316 0.308
1.752 0.308
1.7724 0.308
1.7928 0.308
1.8132 0.308
1.8336 0.308
1.14 0.324
1.1604 0.324
1.1808 0.324
1.2012 0.324
1.2216 0.324
1.242 0.324
1.2624 0.324
1.2828 0.324
1.3032 0.324
1.3236 0.324
1.344 0.324
1.3644 0.324
1.3848 0.324
1.4052 0.324
1.4256 0.324
1.446 0.324
1.4664 0.324
1.4868 0.324
1.5072 0.324
1.5276 0.324
1.548 0.324
1.5684 0.324
1.5888 0.324
1.6092 0.324
1.6296 0.324
1.65 0.324
1.6704 0.324
1.6908 0.324
1.7112 0.324
1.7316 0.324
1.752 0.324
1.7724 0.324
1.7928 0.324
1.8132 0.324
1.8336 0.324
1.14 0.34
1.1604 0.34
1.1808 0.34
1.2012 0.34
1.2216 0.34
1.242 0.34
1.2624 0.34
1.2828 0.34
1.3032 0.34
1.3236 0.34
1.344 0.34
1.3644 0.34
1.3848 0.34
1.4052 0.34
1.4256 0.34
1.446 0.34
1.4664 0.34
1.4868 0.34
1.5072 0.34
1.5276 0.34
1.548 0.34
1.5684 0.34
1.5888 0.34
1.6092 0.34
1.6296 0.34
1.65 0.34
1.6704 0.34
1.6908 0.34
1.7112 0.34
1.7316 0.34
1.752 0.34
1.7724 0.34
1.7928 0.34
1.8132 0.34
1.8336 0.34
1.14 0.356
1.1604 0.356
1.1808 0.356
1.2012 0.356
1.2216 0.356
1.242 0.356
1.2624 0.356
1.2828 0.356
1.3032 0.356
1.3236 0.356
1.344 0.356
1.3644 0.356
1.3848 0.356
1.4052 0.356
1.4256 0.356
1.446 0.356
1.4664 0.356
1.4868 0.356
1.5072 0.356
1.5276 0.356
1.548 0.356
1.5684 0.356
1.5888 0.356
1.6092 0.356
1.6296 0.356
1.65 0.356
1.6704 0.356
1.6908 0.356
1.7112 0.356
1.7316 0.356
1.752 0.356
1.7724 0.356
1.7928 0.356
1.8132 0.356
1.8336 0.356
1.14 0.372
1.1604 0.372
1.1808 0.372
1.2012 0.372
1.2216 0.372
1.242 0.372
1.2624 0.372
1.2828 0.372
1.3032 0.372
1.3236 0.372
1.344 0.372
1.3644 0.372
1.3848 0.372
1.4052 0.372
1.4256 0.372
1.446 0.372
1.4664 0.372
1.4868 0.372
1.5072 0.372
1.5276 0.372
1.548 0.372
1.5684 0.372
1.5888 0.372
1.6092 0.372
1.6296 0.372
1.65 0.372
1.6704 0.372
1.6908 0.372
1.7112 0.372
1.7316 0.372
1.752 0.372
1.7724 0.372
1.7928 0.372
1.8132 0.372
1.8336 0.372
1.14 0.388
1.1604 0.388
1.1808 0.388
1.2012 0.388
1.2216 0.388
1.242 0.388
1.2624 0.388
1.2828 0.388
1.3032 0.388
1.3236 0.388
1.344 0.388
1.3644 0.388
1.3848 0.388
1.4052 0.388
1.4256 0.388
1.446 0.388
1.4664 0.388
1.4868 0.388
1.5072 0.388
1.5276 0.388
1.548 0.388
1.5684 0.388
1.5888 0.388
1.6092 0.388
1.6296 0.388
1.65 0.388
1.6704 0.388
1.6908 0.388
1.7112 0.388
1.7316 0.388
1.752 0.388
1.7724 0.388
1.7928 0.388
1.8132 0.388
1.8336 0.388
1.14 0.404
1.1604 0.404
1.1808 0.404
1.2012 0.404
1.2216 0.404
1.242 0.404
1.2624 0.404
1.2828 0.404
1.3032 0.404
1.3236 0.404
1.344 0.404
1.3644 0.404
1.3848 0.404
1.4052 0.404
1.4256 0.404
1.446 0.404
1.4664 0.404
1.4868 0.404
1.5072 0.404
1.5276 0.404
1.548 0.404
1.5684 0.404
1.5888 0.404
1.6092 0.404
1.6296 0.404
1.65 0.404
1.6704 0.404
1.6908 0.404
1.7112 0.404
1.7316 0.404
1.752 0.404
1.7724 0.404
1.7928 0.404
1.8132 0.404
1.8336 0.404
1.14 0.42
1.1604 0.42
1.1808 0.42
1.2012 0.42
1.2216 0.42
1.242 0.42
1.2624 0.42
1.2828 0.42
1.3032 0.42
1.3236 0.42
1.344 0.42
1.3644 0.42
1.3848 0.42
1.4052 0.42
1.4256 0.42
1.446 0.42
1.4664 0.42
1.4868 0.42
1.5072 0.42
1.5276 0.42
1.548 0.42
1.5684 0.42
1.5888 0.42
1.6092 0.42
1.6296 0.42
1.65 0.42
1.6704 0.42
1.6908 0.42
1.7112 0.42
1.7316 0.42
1.752 0.42
1.7724 0.42
1.7928 0.42
1.8132 0.42
1.8336 0.42
1.14 0.436
1.1604 0.436
1.1808 0.436
1.2012 0.436
1.2216 0.436
1.242 0.436
1.2624 0.436
1.2828 0.436
1.3032 0.436
1.3236 0.436
1.344 0.436
1.3644 0.436
1.3848 0.436
1.4052 0.436
1.4256 0.436
1.446 0.436
1.4664 0.436
1.4868 0.436
1.5072 0.436
1.5276 0.436
1.548 0.436
1.5684 0.436
1.5888 0.436
1.6092 0.436
1.6296 0.436
1.65 0.436
1.6704 0.436
1.6908 0.436
1.7112 0.436
1.7316 0.436
1.752 0.436
1.7724 0.436
1.7928 0.436
1.8132 0.436
1.8336 0.436
1.14 0.452
1.1604 0.452
1.1808 0.452
1.2012 0.452
1.2216 0.452
1.242 0.452
1.2624 0.452
1.2828 0.452
1.3032 0.452
1.3236 0.452
1.344 0.452
1.3644 0.452
1.3848 0.452
1.4052 0.452
1.4256 0.452
1.446 0.452
1.4664 0.452
1.4868 0.452
1.5072 0.452
1.5276 0.452
1.548 0.452
1.5684 0.452
1.5888 0.452
1.6092 0.452
1.6296 0.452
1.65 0.452
1.6704 0.452
1.6908 0.452
1.7112 0.452
1.7316 0.452
1.752 0.452
1.7724 0.452
1.7928 0.452
1.8132 0.452
1.8336 0.452
1.14 0.468
1.1604 0.468
1.1808 0.468
1.2012 0.468
1.2216 0.468
1.242 0.468
1.2624 0.468
1.2828 0.468
1.3032 0.468
1.3236 0.468
1.344 0.468
1.3644 0.468
1.3848 0.468
1.4052 0.468
1.4256 0.468
1.446 0.468
1.4664 0.468
1.4868 0.468
1.5072 0.468
1.5276 0.468
1.548 0.468
1.5684 0.468
1.5888 0.468
1.6092 0.468
1.6296 0.468
1.65 0.468
1.6704 0.468
1.6908 0.468
1.7112 0.468
1.7316 0.468
1.752 0.468
1.7724 0.468
1.7928 0.468
1.8132 0.468
1.8336 0.468
1.14 0.484
1.1604 0.484
1.1808 0.484
1.2012 0.484
1.2216 0.484
1.242 0.484
1.2624 0.484
1.2828 0.484
1.3032 0.484
1.3236 0.484
1.344 0.484
1.3644 0.484
1.3848 0.484
1.4052 0.484
1.4256 0.484
1.446 0.484
1.4664 0.484
1.4868 0.484
1.5072 0.484
1.5276 0.484
1.548 0.484
1.5684 0.484
1.5888 0.484
1.6092 0.484
1.6296 0.484
1.65 0.484
1.6704 0.484
1.6908 0.484
1.7112 0.484
1.7316 0.484
1.752 0.484
1.7724 0.484
1.7928 0.484
1.8132 0.484
1.8336 0.484
1.14 0.5
1.1604 0.5
1.1808 0.5
1.2012 0.5
1.2216 0.5
1.242 0.5
1.2624 0.5
1.2828 0.5
1.3032 0.5
1.3236 0.5
1.344 0.5
1.3644 0.5
1.3848 0.5
1.4052 0.5
1.4256 0.5
1.446 0.5
1.4664 0.5
1.4868 0.5
1.5072 0.5
1.5276 0.5
1.548 0.5
1.5684 0.5
1.5888 0.5
1.6092 0.5
1.6296 0.5
1.65 0.5
1.6704 0.5
1.6908 0.5
1.7112 0.5
1.7316 0.5
1.752 0.5
1.7724 0.5
1.7928 0.5
1.8132 0.5
1.8336 0.5
1.14 0.516
1.1604 0.516
1.1808 0.516
1.2012 0.516
1.2216 0.516
1.242 0.516
1.2624 0.516
1.2828 0.516
1.3032 0.516
1.3236 0.516
1.344 0.516
1.3644 0.516
1.3848 0.516
1.4052 0.516
1.4256 0.516
1.446 0.516
1.4664 0.516
1.4868 0.516
1.5072 0.516
1.5276 0.516
1.548 0.516
1.5684 0.516
1.5888 0.516
1.6092 0.516
1.6296 0.516
1.65 0.516
1.6704 0.516
1.6908 0.516
1.7112 0.516
1.7316 0.516
1.752 0.516
1.7724 0.516
1.7928 0.516
1.8132 0.516
1.8336 0.516
1.14 0.532
1.1604 0.532
1.1808 0.532
1.2012 0.532
1.2216 0.532
1.242 0.532
1.2624 0.532
1.2828 0.532
1.3032 0.532
1.3236 0.532
1.344 0.532
1.3644 0.532
1.3848 0.532
1.4052 0.532
1.4256 0.532
1.446 0.532
1.4664 0.532
1.4868 0.532
1.5072 0.532
1.5276 0.532
1.548 0.532
1.5684 0.532
1.5888 0.532
1.6092 0.532
1.6296 0.532
1.65 0.532
1.6704 0.532
1.6908 0.532
1.7112 0.532
1.7316 0.532
1.752 0.532
1.7724 0.532
1.7928 0.532
1.8132 0.532
1.8336 0.532
1.14 0.548
1.1604 0.548
1.1808 0.548
1.2012 0.548
1.2216 0.548
1.242 0.548
1.2624 0.548
1.2828 0.548
1.3032 0.548
1.3236 0.548
1.344 0.548
1.3644 0.548
1.3848 0.548
1.4052 0.548
1.4256 0.548
1.446 0.548
1.4664 0.548
1.4868 0.548
1.5072 0.548
1.5276 0.548
1.548 0.548
1.5684 0.548
1.5888 0.548
1.6092 0.548
1.6296 0.548
1.65 0.548
1.6704 0.548
1.6908 0.548
1.7112 0.548
1.7316 0.548
1.752 0.548
1.7724 0.548
1.7928 0.548
1.8132 0.548
1.8336 0.548
1.14 0.564
1.1604 0.564
1.1808 0.564
1.2012 0.564
1.2216 0.564
1.242 0.564
1.2624 0.564
1.2828 0.564
1.3032 0.564
1.3236 0.564
1.344 0.564
1.3644 0.564
1.3848 0.564
1.4052 0.564
1.4256 0.564
1.446 0.564
1.4664 0.564
1.4868 0.564
1.5072 0.564
1.5276 0.564
1.548 0.564
1.5684 0.564
1.5888 0.564
1.6092 0.564
1.6296 0.564
1.65 0.564
1.6704 0.564
1.6908 0.564
1.7112 0.564
1.7316 0.564
1.752 0.564
1.7724 0.564
1.7928 0.564
1.8132 0.564
1.8336 0.564
1.14 0.58
1.1604 0.58
1.1808 0.58
1.2012 0.58
1.2216 0.58
1.242 0.58
1.2624 0.58
1.2828 0.58
1.3032 0.58
1.3236 0.58
1.344 0.58
1.3644 0.58
1.3848 0.58
1.4052 0.58
1.4256 0.58
1.446 0.58
1.4664 0.58
1.4868 0.58
1.5072 0.58
1.5276 0.58
1.548 0.58
1.5684 0.58
1.5888 0.58
1.6092 0.58
1.6296 0.58
1.65 0.58
1.6704 0.58
1.6908 0.58
1.7112 0.58
1.7316 0.58
1.752 0.58
1.7724 0.58
1.7928 0.58
1.8132 0.58
1.8336 0.58
1.14 0.596
1.1604 0.596
1.1808 0.596
1.2012 0.596
1.2216 0.596
1.242 0.596
1.2624 0.596
1.2828 0.596
1.3032 0.596
1.3236 0.596
1.344 0.596
1.3644 0.596
1.3848 0.596
1.4052 0.596
1.4256 0.596
1.446 0.596
1.4664 0.596
1.4868 0.596
1.5072 0.596
1.5276 0.596
1.548 0.596
1.5684 0.596
1.5888 0.596
1.6092 0.596
1.6296 0.596
1.65 0.596
1.6704 0.596
1.6908 0.596
1.7112 0.596
1.7316 0.596
1.752 0.596
1.7724 0.596
1.7928 0.596
1.8132 0.596
1.8336 0.596
1.14 0.612
1.1604 0.612
1.1808 0.612
1.2012 0.612
1.2216 0.612
1.242 0.612
1.2624 0.612
1.2828 0.612
1.3032 0.612
1.3236 0.612
1.344 0.612
1.3644 0.612
1.3848 0.612
1.4052 0.612
1.4256 0.612
1.446 0.612
1.4664 0.612
1.4868 0.612
1.5072 0.612
1.5276 0.612
1.548 0.612
1.5684 0.612
1.5888 0.612
1.6092 0.612
1.6296 0.612
1.65 0.612
1.6704 0.612
1.6908 0.612
1.7112 0.612
1.7316 0.612
1.752 0.612
1.7724 0.612
1.7928 0.612
1.8132 0.612
1.8336 0.612
1.14 0.628
1.1604 0.628
1.1808 0.628
1.2012 0.628
1.2216 0.628
1.242 0.628
1.2624 0.628
1.2828 0.628
1.3032 0.628
1.3236 0.628
1.344 0.628
1.3644 0.628
1.3848 0.628
1.4052 0.628
1.4256 0.628
1.446 0.628
1.4664 0.628
1.4868 0.628
1.5072 0.628
1.5276 0.628
1.548 0.628
1.5684 0.628
1.5888 0.628
1.6092 0.628
1.6296 0.628
1.65 0.628
1.6704 0.628
1.6908 0.628
1.7112 0.628
1.7316 0.628
1.752 0.628
1.7724 0.628
1.7928 0.628
1.8132 0.628
1.8336 0.628
1.14 0.644
1.1604 0.644
1.1808 0.644
1.2012 0.644
1.2216 0.644
1.242 0.644
1.2624 0.644
1.2828 0.644
1.3032 0.644
1.3236 0.644
1.344 0.644
1.3644 0.644
1.3848 0.644
1.4052 0.644
1.4256 0.644
1.446 0.644
1.4664 0.644
1.4868 0.644
1.5072 0.644
1.5276 0.644
1.548 0.644
1.5684 0.644
1.5888 0.644
1.6092 0.644
1.6296 0.644
1.65 0.644
1.6704 0.644
1.6908 0.644
1.7112 0.644
1.7316 0.644
1.752 0.644
1.7724 0.644
1.7928 0.644
1.8132 0.644
1.8336 0.644
1.14 0.66
1.1604 0.66
1.1808 0.66
1.2012 0.66
1.2216 0.66
1.242 0.66
1.2624 0.66
1.2828 0.66
1.3032 0.66
1.3236 0.66
1.344 0.66
1.3644 0.66
1.3848 0.66
1.4052 0.66
1.4256 0.66
1.446 0.66
1.4664 0.66
1.4868 0.66
1.5072 0.66
1.5276 0.66
1.548 0.66
1.5684 0.66
1.5888 0.66
1.6092 0.66
1.6296 0.66
1.65 0.66
1.6704 0.66
1.6908 0.66
1.7112 0.66
1.7316 0.66
1.752 0.66
1.7724 0.66
1.7928 0.66
1.8132 0.66
1.8336 0.66
1.14 0.676
1.1604 0.676
1.1808 0.676
1.2012 0.676
1.2216 0.676
1.242 0.676
1.2624 0.676
1.2828 0.676
1.3032 0.676
1.3236 0.676
1.344 0.676
1.3644 0.676
1.3848 0.676
1.4052 0.676
1.4256 0.676
1.446 0.676
1.4664 0.676
1.4868 0.676
1.5072 0.676
1.5276 0.676
1.548 0.676
1.5684 0.676
1.5888 0.676
1.6092 0.676
1.6296 0.676
1.65 0.676
1.6704 0.676
1.6908 0.676
1.7112 0.676
1.7316 0.676
1.752 0.676
1.7724 0.676
1.7928 0.676
1.8132 0.676
1.8336 0.676
1.14 0.692
1.1604 0.692
1.1808 0.692
1.2012 0.692
1.2216 0.692
1.242 0.692
1.2624 0.692
1.2828 0.692
1.3032 0.692
1.3236 0.692
1.344 0.692
1.3644 0.692
1.3848 0.692
1.4052 0.692
1.4256 0.692
1.446 0.692
1.4664 0.692
1.4868 0.692
1.5072 0.692
1.5276 0.692
1.548 0.692
1.5684 0.692
1.5888 0.692
1.6092 0.692
1.6296 0.692
1.65 0.692
1.6704 0.692
1.6908 0.692
1.7112 0.692
1.7316 0.692
1.752 0.692
1.7724 0.692
1.7928 0.692
1.8132 0.692
1.8336 0.692
1.14 0.708
1.1604 0.708
1.1808 0.708
1.2012 0.708
1.2216 0.708
1.242 0.708
1.2624 0.708
1.2828 0.708
1.3032 0.708
1.3236 0.708
1.344 0.708
1.3644 0.708
1.3848 0.708
1.4052 0.708
1.4256 0.708
1.446 0.708
1.4664 0.708
1.4868 0.708
1.5072 0.708
1.5276 0.708
1.548 0.708
1.5684 0.708
1.5888 0.708
1.6092 0.708
1.6296 0.708
1.65 0.708
1.6704 0.708
1.6908 0.708
1.7112 0.708
1.7316 0.708
1.752 0.708
1.7724 0.708
1.7928 0.708
1.8132 0.708
1.8336 0.708
1.14 0.724
1.1604 0.724
1.1808 0.724
1.2012 0.724
1.2216 0.724
1.242 0.724
1.2624 0.724
1.2828 0.724
1.3032 0.724
1.3236 0.724
1.344 0.724
1.3644 0.724
1.3848 0.724
1.4052 0.724
1.4256 0.724
1.446 0.724
1.4664 0.724
1.4868 0.724
1.5072 0.724
1.5276 0.724
1.548 0.724
1.5684 0.724
1.5888 0.724
1.6092 0.724
1.6296 0.724
1.65 0.724
1.6704 0.724
1.6908 0.724
1.7112 0.724
1.7316 0.724
1.752 0.724
1.7724 0.724
1.7928 0.724
1.8132 0.724
1.8336 0.724
1.14 0.74
1.1604 0.74
1.1808 0.74
1.2012 0.74
1.2216 0.74
1.242 0.74
1.2624 0.74
1.2828 0.74
1.3032 0.74
1.3236 0.74
1.344 0.74
1.3644 0.74
1.3848 0.74
1.4052 0.74
1.4256 0.74
1.446 0.74
1.4664 0.74
1.4868 0.74
1.5072 0.74
1.5276 0.74
1.548 0.74
1.5684 0.74
1.5888 0.74
1.6092 0.74
1.6296 0.74
1.65 0.74
1.6704 0.74
1.6908 0.74
1.7112 0.74
1.7316 0.74
1.752 0.74
1.7724 0.74
1.7928 0.74
1.8132 0.74
1.8336 0.74
1.14 0.756
1.1604 0.756
1.1808 0.756
1.2012 0.756
1.2216 0.756
1.242 0.756
1.2624 0.756
1.2828 0.756
1.3032 0.756
1.3236 0.756
1.344 0.756
1.3644 0.756
1.3848 0.756
1.4052 0.756
1.4256 0.756
1.446 0.756
1.4664 0.756
1.4868 0.756
1.5072 0.756
1.5276 0.756
1.548 0.756
1.5684 0.756
1.5888 0.756
1.6092 0.756
1.6296 0.756
1.65 0.756
1.6704 0.756
1.6908 0.756
1.7112 0.756
1.7316 0.756
1.752 0.756
1.7724 0.756
1.7928 0.756
1.8132 0.756
1.8336 0.756
1.14 0.772
1.1604 0.772
1.1808 0.772
1.2012 0.772
1.2216 0.772
1.242 0.772
1.2624 0.772
1.2828 0.772
1.3032 0.772
1.3236 0.772
1.344 0.772
1.3644 0.772
1.3848 0.772
1.4052 0.772
1.4256 0.772
1.446 0.772
1.4664 0.772
1.4868 0.772
1.5072 0.772
1.5276 0.772
1.548 0.772
1.5684 0.772
1.5888 0.772
1.6092 0.772
1.6296 0.772
1.65 0.772
1.6704 0.772
1.6908 0.772
1.7112 0.772
1.7316 0.772
1.752 0.772
1.7724 0.772
1.7928 0.772
1.8132 0.772
1.8336 0.772
1.14 0.788
1.1604 0.788
1.1808 0.788
1.2012 0.788
1.2216 0.788
1.242 0.788
1.2624 0.788
1.2828 0.788
1.3032 0.788
1.3236 0.788
1.344 0.788
1.3644 0.788
1.3848 0.788
1.4052 0.788
1.4256 0.788
1.446 0.788
1.4664 0.788
1.4868 0.788
1.5072 0.788
1.5276 0.788
1.548 0.788
1.5684 0.788
1.5888 0.788
1.6092 0.788
1.6296 0.788
1.65 0.788
1.6704 0.788
1.6908 0.788
1.7112 0.788
1.7316 0.788
1.752 0.788
1.7724 0.788
1.7928 0.788
1.8132 0.788
1.8336 0.788
1.14 0.804
1.1604 0.804
1.1808 0.804
1.2012 0.804
1.2216 0.804
1.242 0.804
1.2624 0.804
1.2828 0.804
1.3032 0.804
1.3236 0.804
1.344 0.804
1.3644 0.804
1.3848 0.804
1.4052 0.804
1.4256 0.804
1.446 0.804
1.4664 0.804
1.4868 0.804
1.5072 0.804
1.5276 0.804
1.548 0.804
1.5684 0.804
1.5888 0.804
1.6092 0.804
1.6296 0.804
1.65 0.804
1.6704 0.804
1.6908 0.804
1.7112 0.804
1.7316 0.804
1.752 0.804
1.7724 0.804
1.7928 0.804
1.8132 0.804
1.8336 0.804
1.14 0.82
1.1604 0.82
1.1808 0.82
1.2012 0.82
1.2216 0.82
1.242 0.82
1.2624 0.82
1.2828 0.82
1.3032 0.82
1.3236 0.82
1.344 0.82
1.3644 0.82
1.3848 0.82
1.4052 0.82
1.4256 0.82
1.446 0.82
1.4664 0.82
1.4868 0.82
1.5072 0.82
1.5276 0.82
1.548 0.82
1.5684 0.82
1.5888 0.82
1.6092 0.82
1.6296 0.82
1.65 0.82
1.6704 0.82
1.6908 0.82
1.7112 0.82
1.7316 0.82
1.752 0.82
1.7724 0.82
1.7928 0.82
1.8132 0.82
1.8336 0.82
1.14 0.836
1.1604 0.836
1.1808 0.836
1.2012 0.836
1.2216 0.836
1.242 0.836
1.2624 0.836
1.2828 0.836
1.3032 0.836
1.3236 0.836
1.344 0.836
1.3644 0.836
1.3848 0.836
1.4052 0.836
1.4256 0.836
1.446 0.836
1.4664 0.836
1.4868 0.836
1.5072 0.836
1.5276 0.836
1.548 0.836
1.5684 0.836
1.5888 0.836
1.6092 0.836
1.6296 0.836
1.65 0.836
1.6704 0.836
1.6908 0.836
1.7112 0.836
1.7316 0.836
1.752 0.836
1.7724 0.836
1.7928 0.836
1.8132 0.836
1.8336 0.836
1.14 0.852
1.1604 0.852
1.1808 0.852
1.2012 0.852
1.2216 0.852
1.242 0.852
1.2624 0.852
1.2828 0.852
1.3032 0.852
1.3236 0.852
1.344 0.852
1.3644 0.852
1.3848 0.852
1.4052 0.852
1.4256 0.852
1.446 0.852
1.4664 0.852
1.4868 0.852
1.5072 0.852
1.5276 0.852
1.548 0.852
1.5684 0.852
1.5888 0.852
1.6092 0.852
1.6296 0.852
1.65 0.852
1.6704 0.852
1.6908 0.852
1.7112 0.852
1.7316 0.852
1.752 0.852
1.7724 0.852
1.7928 0.852
1.8132 0.852
1.8336 0.852
1.14 0.868
1.1604 0.868
1.1808 0.868
1.2012 0.868
1.2216 0.868
1.242 0.868
1.2624 0.868
1.2828 0.868
1.3032 0.868
1.3236 0.868
1.344 0.868
1.3644 0.868
1.3848 0.868
1.4052 0.868
1.4256 0.868
1.446 0.868
1.4664 0.868
1.4868 0.868
1.5072 0.868
1.5276 0.868
1.548 0.868
1.5684 0.868
1.5888 0.868
1.6092 0.868
1.6296 0.868
1.65 0.868
1.6704 0.868
1.6908 0.868
1.7112 0.868
1.7316 0.868
1.752 0.868
1.7724 0.868
1.7928 0.868
1.8132 0.868
1.8336 0.868
1.14 0.884
1.1604 0.884
1.1808 0.884
1.2012 0.884
1.2216 0.884
1.242 0.884
1.2624 0.884
1.2828 0.884
1.3032 0.884
1.3236 0.884
1.344 0.884
1.3644 0.884
1.3848 0.884
1.4052 0.884
1.4256 0.884
1.446 0.884
1.4664 0.884
1.4868 0.884
1.5072 0.884
1.5276 0.884
1.548 0.884
1.5684 0.884
1.5888 0.884
1.6092 0.884
1.6296 0.884
1.65 0.884
1.6704 0.884
1.6908 0.884
1.7112 0.884
1.7316 0.884
1.752 0.884
1.7724 0.884
1.7928 0.884
1.8132 0.884
1.8336 0.884
1.14 0.9
1.1604 0.9
1.1808 0.9
1.2012 0.9
1.2216 0.9
1.242 0.9
1.2624 0.9
1.2828 0.9
1.3032 0.9
1.3236 0.9
1.344 0.9
1.3644 0.9
1.3848 0.9
1.4052 0.9
1.4256 0.9
1.446 0.9
1.4664 0.9
1.4868 0.9
1.5072 0.9
1.5276 0.9
1.548 0.9
1.5684 0.9
1.5888 0.9
1.6092 0.9
1.6296 0.9
1.65 0.9
1.6704 0.9
1.6908 0.9
1.7112 0.9
1.7316 0.9
1.752 0.9
1.7724 0.9
1.7928 0.9
1.8132 0.9
1.8336 0.9
1.14 0.916
1.1604 0.916
1.1808 0.916
1.2012 0.916
1.2216 0.916
1.242 0.916
1.2624 0.916
1.2828 0.916
1.3032 0.916
1.3236 0.916
1.344 0.916
1.3644 0.916
1.3848 0.916
1.4052 0.916
1.4256 0.916
1.446 0.916
1.4664 0.916
1.4868 0.916
1.5072 0.916
1.5276 0.916
1.548 0.916
1.5684 0.916
1.5888 0.916
1.6092 0.916
1.6296 0.916
1.65 0.916
1.6704 0.916
1.6908 0.916
1.7112 0.916
1.7316 0.916
1.752 0.916
1.7724 0.916
1.7928 0.916
1.8132 0.916
1.8336 0.916
1.14 0.932
1.1604 0.932
1.1808 0.932
1.2012 0.932
1.2216 0.932
1.242 0.932
1.2624 0.932
1.2828 0.932
1.3032 0.932
1.3236 0.932
1.344 0.932
1.3644 0.932
1.3848 0.932
1.4052 0.932
1.4256 0.932
1.446 0.932
1.4664 0.932
1.4868 0.932
1.5072 0.932
1.5276 0.932
1.548 0.932
1.5684 0.932
1.5888 0.932
1.6092 0.932
1.6296 0.932
1.65 0.932
1.6704 0.932
1.6908 0.932
1.7112 0.932
1.7316 0.932
1.752 0.932
1.7724 0.932
1.7928 0.932
1.8132 0.932
1.8336 0.932
1.14 0.948
1.1604 0.948
1.1808 0.948
1.2012 0.948
1.2216 0.948
1.242 0.948
1.2624 0.948
1.2828 0.948
1.3032 0.948
1.3236 0.948
1.344 0.948
1.3644 0.948
1.3848 0.948
1.4052 0.948
1.4256 0.948
1.446 0.948
1.4664 0.948
1.4868 0.948
1.5072 0.948
1.5276 0.948
1.548 0.948
1.5684 0.948
1.5888 0.948
1.6092 0.948
1.6296 0.948
1.65 0.948
1.6704 0.948
1.6908 0.948
1.7112 0.948
1.7316 0.948
1.752 0.948
1.7724 0.948
1.7928 0.948
1.8132 0.948
1.8336 0.948
1.14 0.964
1.1604 0.964
1.1808 0.964
1.2012 0.964
1.2216 0.964
1.242 0.964
1.2624 0.964
1.2828 0.964
1.3032 0.964
1.3236 0.964
1.344 0.964
1.3644 0.964
1.3848 0.964
1.4052 0.964
1.4256 0.964
1.446 0.964
1.4664 0.964
1.4868 0.964
1.5072 0.964
1.5276 0.964
1.548 0.964
1.5684 0.964
1.5888 0.964
1.6092 0.964
1.6296 0.964
1.65 0.964
1.6704 0.964
1.6908 0.964
1.7112 0.964
1.7316 0.964
1.752 0.964
1.7724 0.964
1.7928 0.964
1.8132 0.964
1.8336 0.964
1.14 0.98
1.1604 0.98
1.1808 0.98
1.2012 0.98
1.2216 0.98
1.242 0.98
1.2624 0.98
1.2828 0.98
1.3032 0.98
1.3236 0.98
1.344 0.98
1.3644 0.98
1.3848 0.98
1.4052 0.98
1.4256 0.98
1.446 0.98
1.4664 0.98
1.4868 0.98
1.5072 0.98
1.5276 0.98
1.548 0.98
1.5684 0.98
1.5888 0.98
1.6092 0.98
1.6296 0.98
1.65 0.98
1.6704 0.98
1.6908 0.98
1.7112 0.98
1.7316 0.98
1.752 0.98
1.7724 0.98
1.7928 0.98
1.8132 0.98
1.8336 0.98
1.14 0.996
1.1604 0.996
1.1808 0.996
1.2012 0.996
1.2216 0.996
1.242 0.996
1.2624 0.996
1.2828 0.996
1.3032 0.996
1.3236 0.996
1.344 0.996
1.3644 0.996
1.3848 0.996
1.4052 0.996
1.4256 0.996
1.446 0.996
1.4664 0.996
1.4868 0.996
1.5072 0.996
1.5276 0.996
1.548 0.996
1.5684 0.996
1.5888 0.996
1.6092 0.996
1.6296 0.996
1.65 0.996
1.6704 0.996
1.6908 0.996
1.7112 0.996
1.7316 0.996
1.752 0.996
1.7724 0.996
1.7928 0.996
1.8132 0.996
1.8336 0.996
1.14 1.012
1.1604 1.012
1.1808 1.012
1.2012 1.012
1.2216 1.012
1.242 1.012
1.2624 1.012
1.2828 1.012
1.3032 1.012
1.3236 1.012
1.344 1.012
1.3644 1.012
1.3848 1.012
1.4052 1.012
1.4256 1.012
1.446 1.012
1.4664 1.012
1.4868 1.012
1.5072 1.012
1.5276 1.012
1.548 1.012
1.5684 1.012
1.5888 1.012
1.6092 1.012
1.6296 1.012
1.65 1.012
1.6704 1.012
1.6908 1.012
1.7112 1.012
1.7316 1.012
1.752 1.012
1.7724 1.012
1.7928 1.012
1.8132 1.012
1.8336 1.012
1.14 1.028
1.1604 1.028
1.1808 1.028
1.2012 1.028
1.2216 1.028
1.242 1.028
1.2624 1.028
1.2828 1.028
1.3032 1.028
1.3236 1.028
1.344 1.028
1.3644 1.028
1.3848 1.028
1.4052 1.028
1.4256 1.028
1.446 1.028
1.4664 1.028
1.4868 1.028
1.5072 1.028
1.5276 1.028
1.548 1.028
1.5684 1.028
1.5888 1.028
1.6092 1.028
1.6296 1.028
1.65 1.028
1.6704 1.028
1.6908 1.028
1.7112 1.028
1.7316 1.028
1.752 1.028
1.7724 1.028
1.7928 1.028
1.8132 1.028
1.8336 1.028
1.14 1.044
1.1604 1.044
1.1808 1.044
1.2012 1.044
1.2216 1.044
1.242 1.044
1.2624 1.044
1.2828 1.044
1.3032 1.044
1.3236 1.044
1.344 1.044
1.3644 1.044
1.3848 1.044
1.4052 1.044
1.4256 1.044
1.446 1.044
1.4664 1.044
1.4868 1.044
1.5072 1.044
1.5276 1.044
1.548 1.044
1.5684 1.044
1.5888 1.044
1.6092 1.044
1.6296 1.044
1.65 1.044
1.6704 1.044
1.6908 1.044
1.7112 1.044
1.7316 1.044
1.752 1.044
1.7724 1.044
1.7928 1.044
1.8132 1.044
1.8336 1.044
1.14 1.06
1.1604 1.06
1.1808 1.06
1.2012 1.06
1.2216 1.06
1.242 1.06
1.2624 1.06
1.2828 1.06
1.3032 1.06
1.3236 1.06
1.344 1.06
1.3644 1.06
1.3848 1.06
1.4052 1.06
1.4256 1.06
1.446 1.06
1.4664 1.06
1.4868 1.06
1.5072 1.06
1.5276 1.06
1.548 1.06
1.5684 1.06
1.5888 1.06
1.6092 1.06
1.6296 1.06
1.65 1.06
1.6704 1.06
1.6908 1.06
1.7112 1.06
1.7316 1.06
1.752 1.06
1.7724 1.06
1.7928 1.06
1.8132 1.06
1.8336 1.06
1.14 1.076
1.1604 1.076
1.1808 1.076
1.2012 1.076
1.2216 1.076
1.242 1.076
1.2624 1.076
1.2828 1.076
1.3032 1.076
1.3236 1.076
1.344 1.076
1.3644 1.076
1.3848 1.076
1.4052 1.076
1.4256 1.076
1.446 1.076
1.4664 1.076
1.4868 1.076
1.5072 1.076
1.5276 1.076
1.548 1.076
1.5684 1.076
1.5888 1.076
1.6092 1.076
1.6296 1.076
1.65 1.076
1.6704 1.076
1.6908 1.076
1.7112 1.076
1.7316 1.076
1.752 1.076
1.7724 1.076
1.7928 1.076
1.8132 1.076
1.8336 1.076
1.14 1.092
1.1604 1.092
1.1808 1.092
1.2012 1.092
1.2216 1.092
1.242 1.092
1.2624 1.092
1.2828 1.092
1.3032 1.092
1.3236 1.092
1.344 1.092
1.3644 1.092
1.3848 1.092
1.4052 1.092
1.4256 1.092
1.446 1.092
1.4664 1.092
1.4868 1.092
1.5072 1.092
1.5276 1.092
1.548 1.092
1.5684 1.092
1.5888 1.092
1.6092 1.092
1.6296 1.092
1.65 1.092
1.6704 1.092
1.6908 1.092
1.7112 1.092
1.7316 1.092
1.752 1.092
1.7724 1.092
1.7928 1.092
1.8132 1.092
1.8336 1.092
1.14 1.108
1.1604 1.108
1.1808 1.108
1.2012 1.108
1.2216 1.108
1.242 1.108
1.2624 1.108
1.2828 1.108
1.3032 1.108
1.3236 1.108
1.344 1.108
1.3644 1.108
1.3848 1.108
1.4052 1.108
1.4256 1.108
1.446 1.108
1.4664 1.108
1.4868 1.108
1.5072 1.108
1.5276 1.108
1.548 1.108
1.5684 1.108
1.5888 1.108
1.6092 1.108
1.6296 1.108
1.65 1.108
1.6704 1.108
1.6908 1.108
1.7112 1.108
1.7316 1.108
1.752 1.108
1.7724 1.108
1.7928 1.108
1.8132 1.108
1.8336 1.108
1.14 1.124
1.1604 1.124
1.1808 1.124
1.2012 1.124
1.2216 1.124
1.242 1.124
1.2624 1.124
1.2828 1.124
1.3032 1.124
1.3236 1.124
1.344 1.124
1.3644 1.124
1.3848 1.124
1.4052 1.124
1.4256 1.124
1.446 1.124
1.4664 1.124
1.4868 1.124
1.5072 1.124
1.5276 1.124
1.548 1.124
1.5684 1.124
1.5888 1.124
1.6092 1.124
1.6296 1.124
1.65 1.124
1.6704 1.124
1.6908 1.124
1.7112 1.124
1.7316 1.124
1.752 1.124
1.7724 1.124
1.7928 1.124
1.8132 1.124
1.8336 1.124
1.14 1.14
1.1604 1.14
1.1808 1.14
1.2012 1.14
1.2216 1.14
1.242 1.14
1.2624 1.14
1.2828 1.14
1.3032 1.14
1.3236 1.14
1.344 1.14
1.3644 1.14
1.3848 1.14
1.4052 1.14
1.4256 1.14
1.446 1.14
1.4664 1.14
1.4868 1.14
1.5072 1.14
1.5276 1.14
1.548 1.14
1.5684 1.14
1.5888 1.14
1.6092 1.14
1.6296 1.14
1.65 1.14
1.6704 1.14
1.6908 1.14
1.7112 1.14
1.7316 1.14
1.752 1.14
1.7724 1.14
1.7928 1.14
1.8132 1.14
1.8336 1.14
1.14 1.156
1.1604 1.156
1.1808 1.156
1.2012 1.156
1.2216 1.156
1.242 1.156
1.2624 1.156
1.2828 1.156
1.3032 1.156
1.3236 1.156
1.344 1.156
1.3644 1.156
1.3848 1.156
1.4052 1.156
1.4256 1.156
1.446 1.156
1.4664 1.156
1.4868 1.156
1.5072 1.156
1.5276 1.156
1.548 1.156
1.5684 1.156
1.5888 1.156
1.6092 1.156
1.6296 1.156
1.65 1.156
1.6704 1.156
1.6908 1.156
1.7112 1.156
1.7316 1.156
1.752 1.156
1.7724 1.156
1.7928 1.156
1.8132 1.156
1.8336 1.156
1.14 1.172
1.1604 1.172
1.1808 1.172
1.2012 1.172
1.2216 1.172
1.242 1.172
1.2624 1.172
1.2828 1.172
1.3032 1.172
1.3236 1.172
1.344 1.172
1.3644 1.172
1.3848 1.172
1.4052 1.172
1.4256 1.172
1.446 1.172
1.4664 1.172
1.4868 1.172
1.5072 1.172
1.5276 1.172
1.548 1.172
1.5684 1.172
1.5888 1.172
1.6092 1.172
1.6296 1.172
1.65 1.172
1.6704 1.172
1.6908 1.172
1.7112 1.172
1.7316 1.172
1.752 1.172
1.7724 1.172
1.7928 1.172
1.8132 1.172
1.8336 1.172
1.14 1.188
1.1604 1.188
1.1808 1.188
1.2012 1.188
1.2216 1.188
1.242 1.188
1.2624 1.188
1.2828 1.188
1.3032 1.188
1.3236 1.188
1.344 1.188
1.3644 1.188
1.3848 1.188
1.4052 1.188
1.4256 1.188
1.446 1.188
1.4664 1.188
1.4868 1.188
1.5072 1.188
1.5276 1.188
1.548 1.188
1.5684 1.188
1.5888 1.188
1.6092 1.188
1.6296 1.188
1.65 1.188
1.6704 1.188
1.6908 1.188
1.7112 1.188
1.7316 1.188
1.752 1.188
1.7724 1.188
1.7928 1.188
1.8132 1.188
1.8336 1.188
1.14 1.204
1.1604 1.204
1.1808 1.204
1.2012 1.204
1.2216 1.204
1.242 1.204
1.2624 1.204
1.2828 1.204
1.3032 1.204
1.3236 1.204
1.344 1.204
1.3644 1.204
1.3848 1.204
1.4052 1.204
1.4256 1.204
1.446 1.204
1.4664 1.204
1.4868 1.204
1.5072 1.204
1.5276 1.204
1.548 1.204
1.5684 1.204
1.5888 1.204
1.6092 1.204
1.6296 1.204
1.65 1.204
1.6704 1.204
1.6908 1.204
1.7112 1.204
1.7316 1.204
1.752 1.204
1.7724 1.204
1.7928 1.204
1.8132 1.204
1.8336 1.204
